COSMOS 1408 DEB         
1 49527U 82092Q   25018.87748226  .00129844  00000+0  53409-2 0  9998
2 49527  82.3609 167.8901 0191028  92.4569 269.8543 15.08569148166934
COSMOS 1408 DEB         
1 49537U 82092AA  25018.64579480  .00031957  00000+0  82396-3 0  9993
2 49537  82.5431  78.5889 0084105  23.2344 337.2664 15.35387905174744
COSMOS 1408 DEB         
1 50032U 82092RU  25018.78477057  .00006949  00000+0  16389-3 0  9999
2 50032  82.5638  33.5836 0015886 326.9350  33.0902 15.41552362175440
COSMOS 1408 DEB         
1 50058U 82092SW  25019.18242764  .00019099  00000+0  37242-3 0  9998
2 50058  82.6129  47.5040 0022809 221.5766 138.3750 15.47085671177149
COSMOS 1408 DEB         
1 50351U 82092ABM 25018.89810340  .00444184  00000+0  23408-2 0  9997
2 50351  82.4932  76.8819 0037034  26.8273 333.4898 15.78549482174629
COSMOS 1408 DEB         
1 50404U 82092ADS 25018.90172825  .00099641  00000+0  77425-2 0  9999
2 50404  82.2324 177.3013 0332055 202.7141 155.9087 14.66348446163172
COSMOS 1408 DEB         
1 50621U 82092ALR 25018.82775669  .00020543  00000+0  47655-3 0  9994
2 50621  82.5736  51.3519 0037634 268.0086  91.6850 15.41490253171758
COSMOS 1408 DEB         
1 50689U 82092APM 25018.92571675  .00168952  84184-5  69923-3 0  9990
2 50689  82.4985  16.0116 0021020 137.2587 223.0322 15.85378351172245
COSMOS 1408 DEB         
1 51184U 82092AZJ 25018.40856182  .00074514  00000+0  58260-3 0  9994
2 51184  82.4841  13.7420 0013855 144.0124 216.2074 15.71235611170027
COSMOS 1408 DEB         
1 51435U 82092BKH 25018.80156239  .00187652  00000+0  11541-2 0  9991
2 51435  82.5378  46.6378 0020872 266.8596  93.0281 15.76376305167480
COSMOS 1408 DEB         
1 52066U 82092BUU 25017.62465983  .00168234  00000+0  25268-2 0  9996
2 52066  82.5033  88.0612 0071786  81.1678 279.7694 15.51333846159128
